10000
5.34088e+11
1.06226e+12
1.58457e+12
2.1011e+12
2.61191e+12
3.11705e+12
3.61659e+12
4.11061e+12
4.59914e+12
5.08226e+12
5.56003e+12
6.03251e+12
6.49974e+12
6.96181e+12
7.41875e+12
7.87062e+12
8.31749e+12
8.75941e+12
9.19643e+12
9.62861e+12
1.0056e+13
1.04786e+13
1.08966e+13
1.131e+13
1.17187e+13
1.21229e+13
1.25227e+13
1.2918e+13
1.33089e+13
1.36955e+13
1.40779e+13
1.44559e+13
1.48298e+13
1.51996e+13
1.55652e+13
1.59268e+13
1.62844e+13
1.66381e+13
1.69878e+13
1.73336e+13
1.76756e+13
1.80138e+13
1.83483e+13
1.86791e+13
1.90062e+13
1.93296e+13
1.96495e+13
1.99659e+13
2.02787e+13
2.05881e+13
2.0894e+13
2.11966e+13
2.14958e+13
2.17916e+13
2.20842e+13
2.23736e+13
2.26598e+13
2.29427e+13
2.32226e+13
2.34993e+13
2.3773e+13
2.40437e+13
2.43113e+13
2.4576e+13
2.48377e+13
2.50966e+13
2.53526e+13
2.56057e+13
2.58561e+13
2.61036e+13
2.63484e+13
2.65905e+13
2.683e+13
2.70667e+13
2.73009e+13
2.75324e+13
2.77614e+13
2.79879e+13
2.82118e+13
2.84333e+13
2.86523e+13
2.88689e+13
2.9083e+13
2.92948e+13
2.95043e+13
2.97114e+13
2.99163e+13
3.01188e+13
3.03192e+13
3.05173e+13
3.07132e+13
3.09069e+13
3.10985e+13
3.1288e+13
3.14754e+13
3.16607e+13
3.18439e+13
3.20251e+13
3.22043e+13
3.23815e+13
3.25568e+13
3.27301e+13
3.29015e+13
3.3071e+13
3.32386e+13
3.34043e+13
3.35683e+13
3.37304e+13
3.38907e+13
3.40492e+13
3.4206e+13
3.4361e+13
3.45143e+13
3.46659e+13
3.48159e+13
3.49641e+13
3.51108e+13
3.52558e+13
3.53992e+13
3.5541e+13
3.56812e+13
3.58199e+13
3.59571e+13
3.60927e+13
3.62268e+13
3.63595e+13
3.64906e+13
3.66204e+13
3.67486e+13
3.68755e+13
3.70009e+13
3.7125e+13
3.72477e+13
3.7369e+13
3.7489e+13
3.76077e+13
3.7725e+13
3.7841e+13
3.79558e+13
3.80693e+13
3.81815e+13
3.82925e+13
3.84022e+13
3.85108e+13
3.86181e+13
3.87242e+13
3.88292e+13
3.8933e+13
3.90356e+13
3.91372e+13
3.92376e+13
3.93368e+13
3.9435e+13
3.95321e+13
3.96281e+13
3.97231e+13
3.9817e+13
3.99098e+13
4.00016e+13
4.00924e+13
4.01823e+13
4.02711e+13
4.03589e+13
4.04457e+13
4.05316e+13
4.06166e+13
4.07006e+13
4.07836e+13
4.08658e+13
4.0947e+13
4.10273e+13
4.11068e+13
4.11853e+13
4.1263e+13
4.13399e+13
4.14158e+13
4.1491e+13
4.15653e+13
4.16388e+13
4.17114e+13
4.17833e+13
4.18544e+13
4.19246e+13
4.19895e+13
4.20513e+13
4.21102e+13
4.21661e+13
4.22192e+13
4.22695e+13
4.23171e+13
4.23619e+13
4.2404e+13
4.24436e+13
4.24806e+13
4.25151e+13
4.25471e+13
4.25768e+13
4.2604e+13
4.2629e+13
4.26517e+13
4.26722e+13
4.26905e+13
4.27066e+13
4.27207e+13
4.27328e+13
4.27428e+13
4.27509e+13
4.27572e+13
4.27615e+13
4.27676e+13
4.27718e+13
4.27742e+13
4.27714e+13
4.27669e+13
4.27608e+13
4.27532e+13
4.2744e+13
4.27333e+13
4.27211e+13
4.27076e+13
4.26926e+13
4.26763e+13
4.26587e+13
4.26398e+13
4.26196e+13
4.25983e+13
4.25757e+13
4.2552e+13
4.25273e+13
4.25014e+13
4.24745e+13
4.24465e+13
4.24176e+13
4.23877e+13
4.23569e+13
4.23252e+13
4.22926e+13
4.22592e+13
4.2225e+13
4.219e+13
4.21567e+13
4.21226e+13
4.20853e+13
4.20473e+13
4.20086e+13
4.19694e+13
4.19295e+13
4.1889e+13
4.1848e+13
4.18064e+13
4.17643e+13
4.17217e+13
4.16786e+13
4.16351e+13
4.15911e+13
4.15467e+13
4.15019e+13
4.14567e+13
4.14112e+13
4.13653e+13
4.13191e+13
4.12726e+13
4.12258e+13
4.11788e+13
4.11314e+13
4.10838e+13
4.1036e+13
4.0988e+13
4.09398e+13
4.08914e+13
4.08429e+13
4.07942e+13
4.07453e+13
4.06964e+13
4.06473e+13
4.05981e+13
4.05488e+13
4.04994e+13
4.045e+13
4.04006e+13
4.0351e+13
4.03015e+13
4.02519e+13
4.02023e+13
4.01528e+13
4.01032e+13
4.00536e+13
4.00041e+13
3.99546e+13
3.99065e+13
3.98585e+13
3.98104e+13
3.97624e+13
3.97145e+13
3.96666e+13
3.96187e+13
3.95709e+13
3.95232e+13
3.94756e+13
3.94281e+13
3.93806e+13
3.93333e+13
3.92849e+13
3.92367e+13
3.91886e+13
3.91407e+13
3.90929e+13
3.90453e+13
3.89979e+13
3.89506e+13
3.89036e+13
3.88567e+13
3.881e+13
3.87635e+13
3.87172e+13
3.86712e+13
3.86253e+13
3.85796e+13
3.85341e+13
3.84889e+13
3.84439e+13
3.83991e+13
3.83545e+13
3.83101e+13
3.8266e+13
3.82221e+13
3.81785e+13
3.81351e+13
3.80919e+13
3.80489e+13
3.80062e+13
3.79638e+13
3.79216e+13
3.78796e+13
3.78379e+13
3.77965e+13
3.77553e+13
3.77143e+13
3.76736e+13
3.76331e+13
3.7593e+13
3.7553e+13
3.75133e+13
3.74739e+13
3.74348e+13
3.73959e+13
3.73572e+13
3.73188e+13
3.72807e+13
3.72429e+13
3.72053e+13
3.71679e+13
3.71315e+13
3.70953e+13
3.70593e+13
3.70236e+13
3.69881e+13
3.69529e+13
3.69174e+13
3.68821e+13
3.6847e+13
3.68123e+13
3.67777e+13
3.67435e+13
3.67095e+13
3.66758e+13
3.66423e+13
3.66092e+13
3.65764e+13
3.65438e+13
3.65116e+13
3.64797e+13
3.64481e+13
3.64168e+13
3.63859e+13
3.63553e+13
3.63251e+13
3.62952e+13
3.62657e+13
3.62365e+13
3.62077e+13
3.61792e+13
3.61511e+13
3.61234e+13
3.6096e+13
3.6069e+13
3.60424e+13
3.60162e+13
3.59903e+13
3.59649e+13
3.59398e+13
3.5915e+13
3.58907e+13
3.58667e+13
3.5843e+13
3.58198e+13
3.5797e+13
3.57745e+13
3.57524e+13
3.57307e+13
3.57094e+13
3.56885e+13
3.5668e+13
3.56478e+13
3.5628e+13
3.56086e+13
3.55896e+13
3.55709e+13
3.55526e+13
3.55347e+13
3.55172e+13
3.55e+13
3.54832e+13
3.54667e+13
3.54506e+13
3.54349e+13
3.54196e+13
3.54043e+13
3.53894e+13
3.53749e+13
3.53607e+13
3.53468e+13
3.53336e+13
3.53207e+13
3.53081e+13
3.52958e+13
3.52839e+13
3.52723e+13
3.5261e+13
3.52501e+13
3.52395e+13
3.52292e+13
3.52192e+13
3.52095e+13
3.52001e+13
3.5191e+13
3.51823e+13
3.51738e+13
3.51656e+13
3.51577e+13
3.51501e+13
3.51428e+13
3.51358e+13
3.51291e+13
3.51226e+13
3.51164e+13
3.51105e+13
3.51048e+13
3.50994e+13
3.50943e+13
3.50894e+13
3.50847e+13
3.50804e+13
3.50762e+13
3.50723e+13
3.50687e+13
3.50652e+13
3.5062e+13
3.50591e+13
3.50564e+13
3.50538e+13
3.50515e+13
3.50495e+13
3.50476e+13
3.5046e+13
3.50445e+13
3.50433e+13
3.50422e+13
3.50414e+13
3.50407e+13
3.50403e+13
3.504e+13
3.50399e+13
3.504e+13
3.50402e+13
3.50407e+13
3.50413e+13
3.5042e+13
3.5043e+13
3.5044e+13
3.50453e+13
3.50467e+13
3.50482e+13
3.50499e+13
3.50518e+13
3.50538e+13
3.50559e+13
3.50582e+13
3.50607e+13
3.50632e+13
3.50659e+13
3.50688e+13
3.50717e+13
3.50748e+13
3.5078e+13
3.50814e+13
3.50848e+13
3.50884e+13
3.50921e+13
3.50959e+13
3.50998e+13
3.51038e+13
3.51079e+13
3.51121e+13
3.51165e+13
3.51209e+13
3.51254e+13
3.513e+13
3.51347e+13
3.51395e+13
3.51444e+13
3.51493e+13
3.51543e+13
3.51595e+13
3.51647e+13
3.51699e+13
3.51753e+13
3.51807e+13
3.51862e+13
3.51917e+13
3.51974e+13
3.52031e+13
3.52088e+13
3.52146e+13
3.52205e+13
3.52264e+13
3.52324e+13
3.52384e+13
3.52445e+13
3.52506e+13
3.52568e+13
3.52631e+13
3.52693e+13
3.52757e+13
3.5282e+13
3.52884e+13
3.52948e+13
3.53013e+13
3.53078e+13
3.53144e+13
3.53209e+13
3.53275e+13
3.53342e+13
3.53408e+13
3.53475e+13
3.53542e+13
3.5361e+13
3.53677e+13
3.53745e+13
3.53813e+13
3.53882e+13
3.5395e+13
3.54019e+13
3.54088e+13
3.54157e+13
3.54226e+13
3.54295e+13
3.54364e+13
3.54434e+13
3.54503e+13
3.54573e+13
3.54642e+13
3.54712e+13
3.54782e+13
3.54851e+13
3.54921e+13
3.5499e+13
3.5506e+13
3.5513e+13
3.55199e+13
3.55268e+13
3.55338e+13
3.55407e+13
3.55476e+13
3.55545e+13
3.55614e+13
3.55683e+13
3.55749e+13
3.55816e+13
3.55883e+13
3.55949e+13
3.56015e+13
3.56082e+13
3.56148e+13
3.56213e+13
3.56279e+13
3.56344e+13
3.56409e+13
3.56474e+13
3.56539e+13
3.56603e+13
3.56668e+13
3.56732e+13
3.56795e+13
3.56859e+13
3.56922e+13
3.56984e+13
3.57047e+13
3.5711e+13
3.57173e+13
3.57235e+13
3.57298e+13
3.57359e+13
3.57421e+13
3.57482e+13
3.57542e+13
3.57602e+13
3.57662e+13
3.57721e+13
3.5778e+13
3.57838e+13
3.57896e+13
3.57954e+13
3.58011e+13
3.58067e+13
3.58123e+13
3.58179e+13
3.58234e+13
3.58288e+13
3.58343e+13
3.58396e+13
3.58449e+13
3.58502e+13
3.58554e+13
3.58606e+13
3.58657e+13
3.58707e+13
3.58757e+13
3.58807e+13
3.58856e+13
3.58905e+13
3.58953e+13
3.59e+13
3.59047e+13
3.59093e+13
3.59139e+13
3.59185e+13
3.59229e+13
3.59274e+13
3.59318e+13
3.59361e+13
3.59403e+13
3.59446e+13
3.59487e+13
3.59528e+13
3.59569e+13
3.59609e+13
3.59648e+13
3.59687e+13
3.59726e+13
3.59764e+13
3.59801e+13
3.59838e+13
3.59874e+13
3.5991e+13
3.59945e+13
3.5998e+13
3.60014e+13
3.60048e+13
3.60081e+13
3.60113e+13
3.60145e+13
3.60177e+13
3.60208e+13
3.60238e+13
3.60268e+13
3.60298e+13
3.60327e+13
3.60355e+13
3.60383e+13
3.60411e+13
3.60438e+13
3.60464e+13
3.6049e+13
3.60516e+13
3.60541e+13
3.60565e+13
3.60589e+13
3.60613e+13
3.60636e+13
3.60658e+13
3.6068e+13
3.60702e+13
3.60723e+13
3.60744e+13
3.60764e+13
3.60784e+13
3.60803e+13
3.60822e+13
3.6084e+13
3.60858e+13
3.60875e+13
3.60893e+13
3.60909e+13
3.60925e+13
3.60941e+13
3.60956e+13
3.60971e+13
3.60986e+13
3.61e+13
3.61013e+13
3.61027e+13
3.61039e+13
3.61052e+13
3.61064e+13
3.61076e+13
3.61087e+13
3.61098e+13
3.61109e+13
3.61119e+13
3.61129e+13
3.61139e+13
3.61148e+13
3.61157e+13
3.61165e+13
3.61173e+13
3.61181e+13
3.61188e+13
3.61195e+13
3.61202e+13
3.61208e+13
3.61214e+13
3.6122e+13
3.61225e+13
3.6123e+13
3.61235e+13
3.61239e+13
3.61243e+13
3.61247e+13
3.6125e+13
3.61253e+13
3.61256e+13
3.61258e+13
3.61261e+13
3.61262e+13
3.61264e+13
3.61265e+13
3.61267e+13
3.61267e+13
3.61268e+13
3.61268e+13
3.61268e+13
3.61268e+13
3.61267e+13
3.61266e+13
3.61265e+13
3.61264e+13
3.61263e+13
3.61261e+13
3.61259e+13
3.61256e+13
3.61254e+13
3.61251e+13
3.61248e+13
3.61245e+13
3.61242e+13
3.61238e+13
3.61234e+13
3.6123e+13
3.61225e+13
3.61221e+13
3.61216e+13
3.61211e+13
3.61206e+13
3.61201e+13
3.61195e+13
3.61189e+13
3.61184e+13
3.61178e+13
3.61171e+13
3.61165e+13
3.61159e+13
3.61152e+13
3.61145e+13
3.61138e+13
3.61131e+13
3.61124e+13
3.61117e+13
3.6111e+13
3.61102e+13
3.61094e+13
3.61087e+13
3.61079e+13
3.61071e+13
3.61062e+13
3.61054e+13
3.61046e+13
3.61037e+13
3.61029e+13
3.6102e+13
3.61011e+13
3.61003e+13
3.60994e+13
3.60985e+13
3.60975e+13
3.60966e+13
3.60957e+13
3.60948e+13
3.60938e+13
3.60929e+13
3.60919e+13
3.6091e+13
3.609e+13
3.6089e+13
3.6088e+13
3.60871e+13
3.60861e+13
3.60851e+13
3.60841e+13
3.60831e+13
3.60821e+13
3.60811e+13
3.60801e+13
3.6079e+13
3.6078e+13
3.6077e+13
3.6076e+13
3.6075e+13
3.60739e+13
3.60729e+13
3.60719e+13
3.60708e+13
3.60698e+13
3.60688e+13
3.60677e+13
3.60667e+13
3.60657e+13
3.60646e+13
3.60636e+13
3.60626e+13
3.60615e+13
3.60605e+13
3.60595e+13
3.60584e+13
3.60574e+13
3.60564e+13
3.60554e+13
3.60544e+13
3.60534e+13
3.60524e+13
3.60514e+13
3.60504e+13
3.60494e+13
3.60484e+13
3.60474e+13
3.60464e+13
3.60454e+13
3.60444e+13
3.60435e+13
3.60425e+13
3.60415e+13
3.60405e+13
3.60396e+13
3.60386e+13
3.60376e+13
3.60367e+13
3.60357e+13
3.60348e+13
3.60338e+13
3.60329e+13
3.6032e+13
3.6031e+13
3.60301e+13
3.60292e+13
3.60283e+13
3.60274e+13
3.60265e+13
3.60256e+13
3.60247e+13
3.60238e+13
3.6023e+13
3.60221e+13
3.60212e+13
3.60204e+13
3.60195e+13
3.60187e+13
3.60178e+13
3.6017e+13
3.60162e+13
3.60153e+13
3.60145e+13
3.60137e+13
3.60129e+13
3.60121e+13
3.60113e+13
3.60105e+13
3.60098e+13
3.6009e+13
3.60082e+13
3.60075e+13
3.60067e+13
3.6006e+13
3.60053e+13
3.60045e+13
3.60038e+13
3.60031e+13
3.60024e+13
3.60017e+13
3.6001e+13
3.60003e+13
3.59996e+13
3.5999e+13
3.59983e+13
3.59977e+13
3.5997e+13
3.59964e+13
3.59957e+13
3.59951e+13
3.59945e+13
3.59939e+13
3.59933e+13
3.59927e+13
3.59921e+13
3.59915e+13
3.5991e+13
3.59904e+13
3.59899e+13
3.59893e+13
3.59888e+13
3.59882e+13
3.59877e+13
3.59872e+13
3.59867e+13
3.59862e+13
3.59857e+13
3.59852e+13
3.59847e+13
3.59843e+13
3.59838e+13
3.59834e+13
3.59829e+13
3.59825e+13
3.5982e+13
3.59816e+13
3.59812e+13
3.59808e+13
3.59804e+13
3.598e+13
3.59796e+13
3.59792e+13
3.59788e+13
3.59785e+13
3.59781e+13
3.59777e+13
3.59774e+13
3.59771e+13
3.59767e+13
3.59764e+13
3.59761e+13
3.59758e+13
3.59755e+13
3.59752e+13
3.59749e+13
3.59746e+13
3.59743e+13
3.5974e+13
3.59738e+13
3.59735e+13
3.59733e+13
3.5973e+13
3.59728e+13
3.59726e+13
3.59723e+13
3.59721e+13
3.59719e+13
3.59717e+13
3.59715e+13
3.59713e+13
3.59711e+13
3.59709e+13
3.59707e+13
3.59705e+13
3.59704e+13
3.59702e+13
3.59701e+13
3.59699e+13
3.59698e+13
3.59696e+13
3.59695e+13
3.59694e+13
3.59692e+13
3.59691e+13
3.5969e+13
3.59689e+13
3.59688e+13
3.59687e+13
3.59686e+13
3.59685e+13
3.59685e+13
3.59684e+13
3.59683e+13
3.59682e+13
3.59682e+13
3.59681e+13
3.59681e+13
3.5968e+13
3.5968e+13
3.59679e+13
3.59679e+13
3.59679e+13
